data_4bml
#
_entry.id 4bml
#
loop_
_chem_comp.formula
_chem_comp.formula_weight
_chem_comp.id
_chem_comp.mon_nstd_flag
_chem_comp.name
_chem_comp.pdbx_synonyms
_chem_comp.type
"C3 H7 N O2"     89.093  ALA y ALANINE         ? "L-peptide linking" 
"C6 H15 N4 O2 1" 175.209 ARG y ARGININE        ? "L-peptide linking" 
"C4 H8 N2 O3"    132.118 ASN y ASPARAGINE      ? "L-peptide linking" 
"C4 H7 N O4"     133.103 ASP y "ASPARTIC ACID" ? "L-peptide linking" 
"C3 H7 N O2 S"   121.158 CYS y CYSTEINE        ? "L-peptide linking" 
"C5 H10 N2 O3"   146.144 GLN y GLUTAMINE       ? "L-peptide linking" 
"C5 H9 N O4"     147.129 GLU y "GLUTAMIC ACID" ? "L-peptide linking" 
"C2 H5 N O2"     75.067  GLY y GLYCINE         ? "peptide linking"   
"C6 H10 N3 O2 1" 156.162 HIS y HISTIDINE       ? "L-peptide linking" 
"C6 H13 N O2"    131.173 ILE y ISOLEUCINE      ? "L-peptide linking" 
"C6 H13 N O2"    131.173 LEU y LEUCINE         ? "L-peptide linking" 
"C6 H15 N2 O2 1" 147.195 LYS y LYSINE          ? "L-peptide linking" 
"C5 H11 N O2 S"  149.211 MET y METHIONINE      ? "L-peptide linking" 
"C9 H11 N O2"    165.189 PHE y PHENYLALANINE   ? "L-peptide linking" 
"C5 H9 N O2"     115.130 PRO y PROLINE         ? "L-peptide linking" 
"C3 H7 N O3"     105.093 SER y SERINE          ? "L-peptide linking" 
"C4 H9 N O3"     119.119 THR y THREONINE       ? "L-peptide linking" 
"C9 H11 N O3"    181.189 TYR y TYROSINE        ? "L-peptide linking" 
"C5 H11 N O2"    117.146 VAL y VALINE          ? "L-peptide linking" 
#
loop_
_chem_comp_atom.atom_id
_chem_comp_atom.charge
_chem_comp_atom.comp_id
_chem_comp_atom.pdbx_leaving_atom_flag
_chem_comp_atom.pdbx_model_Cartn_x_ideal
_chem_comp_atom.pdbx_model_Cartn_y_ideal
_chem_comp_atom.pdbx_model_Cartn_z_ideal
_chem_comp_atom.pdbx_ordinal
_chem_comp_atom.type_symbol
N    ? ALA ? ? ? ? 1   N 
CA   ? ALA ? ? ? ? 2   C 
C    ? ALA ? ? ? ? 3   C 
O    ? ALA ? ? ? ? 4   O 
CB   ? ALA ? ? ? ? 5   C 
OXT  ? ALA ? ? ? ? 6   O 
H    ? ALA ? ? ? ? 7   H 
H2   ? ALA ? ? ? ? 8   H 
HA   ? ALA ? ? ? ? 9   H 
HB1  ? ALA ? ? ? ? 10  H 
HB2  ? ALA ? ? ? ? 11  H 
HB3  ? ALA ? ? ? ? 12  H 
HXT  ? ALA ? ? ? ? 13  H 
N    ? ARG ? ? ? ? 14  N 
CA   ? ARG ? ? ? ? 15  C 
C    ? ARG ? ? ? ? 16  C 
O    ? ARG ? ? ? ? 17  O 
CB   ? ARG ? ? ? ? 18  C 
CG   ? ARG ? ? ? ? 19  C 
CD   ? ARG ? ? ? ? 20  C 
NE   ? ARG ? ? ? ? 21  N 
CZ   ? ARG ? ? ? ? 22  C 
NH1  ? ARG ? ? ? ? 23  N 
NH2  ? ARG ? ? ? ? 24  N 
OXT  ? ARG ? ? ? ? 25  O 
H    ? ARG ? ? ? ? 26  H 
H2   ? ARG ? ? ? ? 27  H 
HA   ? ARG ? ? ? ? 28  H 
HB2  ? ARG ? ? ? ? 29  H 
HB3  ? ARG ? ? ? ? 30  H 
HG2  ? ARG ? ? ? ? 31  H 
HG3  ? ARG ? ? ? ? 32  H 
HD2  ? ARG ? ? ? ? 33  H 
HD3  ? ARG ? ? ? ? 34  H 
HE   ? ARG ? ? ? ? 35  H 
HH11 ? ARG ? ? ? ? 36  H 
HH12 ? ARG ? ? ? ? 37  H 
HH21 ? ARG ? ? ? ? 38  H 
HH22 ? ARG ? ? ? ? 39  H 
HXT  ? ARG ? ? ? ? 40  H 
N    ? ASN ? ? ? ? 41  N 
CA   ? ASN ? ? ? ? 42  C 
C    ? ASN ? ? ? ? 43  C 
O    ? ASN ? ? ? ? 44  O 
CB   ? ASN ? ? ? ? 45  C 
CG   ? ASN ? ? ? ? 46  C 
OD1  ? ASN ? ? ? ? 47  O 
ND2  ? ASN ? ? ? ? 48  N 
OXT  ? ASN ? ? ? ? 49  O 
H    ? ASN ? ? ? ? 50  H 
H2   ? ASN ? ? ? ? 51  H 
HA   ? ASN ? ? ? ? 52  H 
HB2  ? ASN ? ? ? ? 53  H 
HB3  ? ASN ? ? ? ? 54  H 
HD21 ? ASN ? ? ? ? 55  H 
HD22 ? ASN ? ? ? ? 56  H 
HXT  ? ASN ? ? ? ? 57  H 
N    ? ASP ? ? ? ? 58  N 
CA   ? ASP ? ? ? ? 59  C 
C    ? ASP ? ? ? ? 60  C 
O    ? ASP ? ? ? ? 61  O 
CB   ? ASP ? ? ? ? 62  C 
CG   ? ASP ? ? ? ? 63  C 
OD1  ? ASP ? ? ? ? 64  O 
OD2  ? ASP ? ? ? ? 65  O 
OXT  ? ASP ? ? ? ? 66  O 
H    ? ASP ? ? ? ? 67  H 
H2   ? ASP ? ? ? ? 68  H 
HA   ? ASP ? ? ? ? 69  H 
HB2  ? ASP ? ? ? ? 70  H 
HB3  ? ASP ? ? ? ? 71  H 
HD2  ? ASP ? ? ? ? 72  H 
HXT  ? ASP ? ? ? ? 73  H 
N    ? CYS ? ? ? ? 74  N 
CA   ? CYS ? ? ? ? 75  C 
C    ? CYS ? ? ? ? 76  C 
O    ? CYS ? ? ? ? 77  O 
CB   ? CYS ? ? ? ? 78  C 
SG   ? CYS ? ? ? ? 79  S 
OXT  ? CYS ? ? ? ? 80  O 
H    ? CYS ? ? ? ? 81  H 
H2   ? CYS ? ? ? ? 82  H 
HA   ? CYS ? ? ? ? 83  H 
HB2  ? CYS ? ? ? ? 84  H 
HB3  ? CYS ? ? ? ? 85  H 
HG   ? CYS ? ? ? ? 86  H 
HXT  ? CYS ? ? ? ? 87  H 
N    ? GLN ? ? ? ? 88  N 
CA   ? GLN ? ? ? ? 89  C 
C    ? GLN ? ? ? ? 90  C 
O    ? GLN ? ? ? ? 91  O 
CB   ? GLN ? ? ? ? 92  C 
CG   ? GLN ? ? ? ? 93  C 
CD   ? GLN ? ? ? ? 94  C 
OE1  ? GLN ? ? ? ? 95  O 
NE2  ? GLN ? ? ? ? 96  N 
OXT  ? GLN ? ? ? ? 97  O 
H    ? GLN ? ? ? ? 98  H 
H2   ? GLN ? ? ? ? 99  H 
HA   ? GLN ? ? ? ? 100 H 
HB2  ? GLN ? ? ? ? 101 H 
HB3  ? GLN ? ? ? ? 102 H 
HG2  ? GLN ? ? ? ? 103 H 
HG3  ? GLN ? ? ? ? 104 H 
HE21 ? GLN ? ? ? ? 105 H 
HE22 ? GLN ? ? ? ? 106 H 
HXT  ? GLN ? ? ? ? 107 H 
N    ? GLU ? ? ? ? 108 N 
CA   ? GLU ? ? ? ? 109 C 
C    ? GLU ? ? ? ? 110 C 
O    ? GLU ? ? ? ? 111 O 
CB   ? GLU ? ? ? ? 112 C 
CG   ? GLU ? ? ? ? 113 C 
CD   ? GLU ? ? ? ? 114 C 
OE1  ? GLU ? ? ? ? 115 O 
OE2  ? GLU ? ? ? ? 116 O 
OXT  ? GLU ? ? ? ? 117 O 
H    ? GLU ? ? ? ? 118 H 
H2   ? GLU ? ? ? ? 119 H 
HA   ? GLU ? ? ? ? 120 H 
HB2  ? GLU ? ? ? ? 121 H 
HB3  ? GLU ? ? ? ? 122 H 
HG2  ? GLU ? ? ? ? 123 H 
HG3  ? GLU ? ? ? ? 124 H 
HE2  ? GLU ? ? ? ? 125 H 
HXT  ? GLU ? ? ? ? 126 H 
N    ? GLY ? ? ? ? 127 N 
CA   ? GLY ? ? ? ? 128 C 
C    ? GLY ? ? ? ? 129 C 
O    ? GLY ? ? ? ? 130 O 
OXT  ? GLY ? ? ? ? 131 O 
H    ? GLY ? ? ? ? 132 H 
H2   ? GLY ? ? ? ? 133 H 
HA2  ? GLY ? ? ? ? 134 H 
HA3  ? GLY ? ? ? ? 135 H 
HXT  ? GLY ? ? ? ? 136 H 
N    ? HIS ? ? ? ? 137 N 
CA   ? HIS ? ? ? ? 138 C 
C    ? HIS ? ? ? ? 139 C 
O    ? HIS ? ? ? ? 140 O 
CB   ? HIS ? ? ? ? 141 C 
CG   ? HIS ? ? ? ? 142 C 
ND1  ? HIS ? ? ? ? 143 N 
CD2  ? HIS ? ? ? ? 144 C 
CE1  ? HIS ? ? ? ? 145 C 
NE2  ? HIS ? ? ? ? 146 N 
OXT  ? HIS ? ? ? ? 147 O 
H    ? HIS ? ? ? ? 148 H 
H2   ? HIS ? ? ? ? 149 H 
HA   ? HIS ? ? ? ? 150 H 
HB2  ? HIS ? ? ? ? 151 H 
HB3  ? HIS ? ? ? ? 152 H 
HD1  ? HIS ? ? ? ? 153 H 
HD2  ? HIS ? ? ? ? 154 H 
HE1  ? HIS ? ? ? ? 155 H 
HE2  ? HIS ? ? ? ? 156 H 
HXT  ? HIS ? ? ? ? 157 H 
N    ? ILE ? ? ? ? 158 N 
CA   ? ILE ? ? ? ? 159 C 
C    ? ILE ? ? ? ? 160 C 
O    ? ILE ? ? ? ? 161 O 
CB   ? ILE ? ? ? ? 162 C 
CG1  ? ILE ? ? ? ? 163 C 
CG2  ? ILE ? ? ? ? 164 C 
CD1  ? ILE ? ? ? ? 165 C 
OXT  ? ILE ? ? ? ? 166 O 
H    ? ILE ? ? ? ? 167 H 
H2   ? ILE ? ? ? ? 168 H 
HA   ? ILE ? ? ? ? 169 H 
HB   ? ILE ? ? ? ? 170 H 
HG12 ? ILE ? ? ? ? 171 H 
HG13 ? ILE ? ? ? ? 172 H 
HG21 ? ILE ? ? ? ? 173 H 
HG22 ? ILE ? ? ? ? 174 H 
HG23 ? ILE ? ? ? ? 175 H 
HD11 ? ILE ? ? ? ? 176 H 
HD12 ? ILE ? ? ? ? 177 H 
HD13 ? ILE ? ? ? ? 178 H 
HXT  ? ILE ? ? ? ? 179 H 
N    ? LEU ? ? ? ? 180 N 
CA   ? LEU ? ? ? ? 181 C 
C    ? LEU ? ? ? ? 182 C 
O    ? LEU ? ? ? ? 183 O 
CB   ? LEU ? ? ? ? 184 C 
CG   ? LEU ? ? ? ? 185 C 
CD1  ? LEU ? ? ? ? 186 C 
CD2  ? LEU ? ? ? ? 187 C 
OXT  ? LEU ? ? ? ? 188 O 
H    ? LEU ? ? ? ? 189 H 
H2   ? LEU ? ? ? ? 190 H 
HA   ? LEU ? ? ? ? 191 H 
HB2  ? LEU ? ? ? ? 192 H 
HB3  ? LEU ? ? ? ? 193 H 
HG   ? LEU ? ? ? ? 194 H 
HD11 ? LEU ? ? ? ? 195 H 
HD12 ? LEU ? ? ? ? 196 H 
HD13 ? LEU ? ? ? ? 197 H 
HD21 ? LEU ? ? ? ? 198 H 
HD22 ? LEU ? ? ? ? 199 H 
HD23 ? LEU ? ? ? ? 200 H 
HXT  ? LEU ? ? ? ? 201 H 
N    ? LYS ? ? ? ? 202 N 
CA   ? LYS ? ? ? ? 203 C 
C    ? LYS ? ? ? ? 204 C 
O    ? LYS ? ? ? ? 205 O 
CB   ? LYS ? ? ? ? 206 C 
CG   ? LYS ? ? ? ? 207 C 
CD   ? LYS ? ? ? ? 208 C 
CE   ? LYS ? ? ? ? 209 C 
NZ   ? LYS ? ? ? ? 210 N 
OXT  ? LYS ? ? ? ? 211 O 
H    ? LYS ? ? ? ? 212 H 
H2   ? LYS ? ? ? ? 213 H 
HA   ? LYS ? ? ? ? 214 H 
HB2  ? LYS ? ? ? ? 215 H 
HB3  ? LYS ? ? ? ? 216 H 
HG2  ? LYS ? ? ? ? 217 H 
HG3  ? LYS ? ? ? ? 218 H 
HD2  ? LYS ? ? ? ? 219 H 
HD3  ? LYS ? ? ? ? 220 H 
HE2  ? LYS ? ? ? ? 221 H 
HE3  ? LYS ? ? ? ? 222 H 
HZ1  ? LYS ? ? ? ? 223 H 
HZ2  ? LYS ? ? ? ? 224 H 
HZ3  ? LYS ? ? ? ? 225 H 
HXT  ? LYS ? ? ? ? 226 H 
N    ? MET ? ? ? ? 227 N 
CA   ? MET ? ? ? ? 228 C 
C    ? MET ? ? ? ? 229 C 
O    ? MET ? ? ? ? 230 O 
CB   ? MET ? ? ? ? 231 C 
CG   ? MET ? ? ? ? 232 C 
SD   ? MET ? ? ? ? 233 S 
CE   ? MET ? ? ? ? 234 C 
OXT  ? MET ? ? ? ? 235 O 
H    ? MET ? ? ? ? 236 H 
H2   ? MET ? ? ? ? 237 H 
HA   ? MET ? ? ? ? 238 H 
HB2  ? MET ? ? ? ? 239 H 
HB3  ? MET ? ? ? ? 240 H 
HG2  ? MET ? ? ? ? 241 H 
HG3  ? MET ? ? ? ? 242 H 
HE1  ? MET ? ? ? ? 243 H 
HE2  ? MET ? ? ? ? 244 H 
HE3  ? MET ? ? ? ? 245 H 
HXT  ? MET ? ? ? ? 246 H 
N    ? PHE ? ? ? ? 247 N 
CA   ? PHE ? ? ? ? 248 C 
C    ? PHE ? ? ? ? 249 C 
O    ? PHE ? ? ? ? 250 O 
CB   ? PHE ? ? ? ? 251 C 
CG   ? PHE ? ? ? ? 252 C 
CD1  ? PHE ? ? ? ? 253 C 
CD2  ? PHE ? ? ? ? 254 C 
CE1  ? PHE ? ? ? ? 255 C 
CE2  ? PHE ? ? ? ? 256 C 
CZ   ? PHE ? ? ? ? 257 C 
OXT  ? PHE ? ? ? ? 258 O 
H    ? PHE ? ? ? ? 259 H 
H2   ? PHE ? ? ? ? 260 H 
HA   ? PHE ? ? ? ? 261 H 
HB2  ? PHE ? ? ? ? 262 H 
HB3  ? PHE ? ? ? ? 263 H 
HD1  ? PHE ? ? ? ? 264 H 
HD2  ? PHE ? ? ? ? 265 H 
HE1  ? PHE ? ? ? ? 266 H 
HE2  ? PHE ? ? ? ? 267 H 
HZ   ? PHE ? ? ? ? 268 H 
HXT  ? PHE ? ? ? ? 269 H 
N    ? PRO ? ? ? ? 270 N 
CA   ? PRO ? ? ? ? 271 C 
C    ? PRO ? ? ? ? 272 C 
O    ? PRO ? ? ? ? 273 O 
CB   ? PRO ? ? ? ? 274 C 
CG   ? PRO ? ? ? ? 275 C 
CD   ? PRO ? ? ? ? 276 C 
OXT  ? PRO ? ? ? ? 277 O 
H    ? PRO ? ? ? ? 278 H 
HA   ? PRO ? ? ? ? 279 H 
HB2  ? PRO ? ? ? ? 280 H 
HB3  ? PRO ? ? ? ? 281 H 
HG2  ? PRO ? ? ? ? 282 H 
HG3  ? PRO ? ? ? ? 283 H 
HD2  ? PRO ? ? ? ? 284 H 
HD3  ? PRO ? ? ? ? 285 H 
HXT  ? PRO ? ? ? ? 286 H 
N    ? SER ? ? ? ? 287 N 
CA   ? SER ? ? ? ? 288 C 
C    ? SER ? ? ? ? 289 C 
O    ? SER ? ? ? ? 290 O 
CB   ? SER ? ? ? ? 291 C 
OG   ? SER ? ? ? ? 292 O 
OXT  ? SER ? ? ? ? 293 O 
H    ? SER ? ? ? ? 294 H 
H2   ? SER ? ? ? ? 295 H 
HA   ? SER ? ? ? ? 296 H 
HB2  ? SER ? ? ? ? 297 H 
HB3  ? SER ? ? ? ? 298 H 
HG   ? SER ? ? ? ? 299 H 
HXT  ? SER ? ? ? ? 300 H 
N    ? THR ? ? ? ? 301 N 
CA   ? THR ? ? ? ? 302 C 
C    ? THR ? ? ? ? 303 C 
O    ? THR ? ? ? ? 304 O 
CB   ? THR ? ? ? ? 305 C 
OG1  ? THR ? ? ? ? 306 O 
CG2  ? THR ? ? ? ? 307 C 
OXT  ? THR ? ? ? ? 308 O 
H    ? THR ? ? ? ? 309 H 
H2   ? THR ? ? ? ? 310 H 
HA   ? THR ? ? ? ? 311 H 
HB   ? THR ? ? ? ? 312 H 
HG1  ? THR ? ? ? ? 313 H 
HG21 ? THR ? ? ? ? 314 H 
HG22 ? THR ? ? ? ? 315 H 
HG23 ? THR ? ? ? ? 316 H 
HXT  ? THR ? ? ? ? 317 H 
N    ? TYR ? ? ? ? 318 N 
CA   ? TYR ? ? ? ? 319 C 
C    ? TYR ? ? ? ? 320 C 
O    ? TYR ? ? ? ? 321 O 
CB   ? TYR ? ? ? ? 322 C 
CG   ? TYR ? ? ? ? 323 C 
CD1  ? TYR ? ? ? ? 324 C 
CD2  ? TYR ? ? ? ? 325 C 
CE1  ? TYR ? ? ? ? 326 C 
CE2  ? TYR ? ? ? ? 327 C 
CZ   ? TYR ? ? ? ? 328 C 
OH   ? TYR ? ? ? ? 329 O 
OXT  ? TYR ? ? ? ? 330 O 
H    ? TYR ? ? ? ? 331 H 
H2   ? TYR ? ? ? ? 332 H 
HA   ? TYR ? ? ? ? 333 H 
HB2  ? TYR ? ? ? ? 334 H 
HB3  ? TYR ? ? ? ? 335 H 
HD1  ? TYR ? ? ? ? 336 H 
HD2  ? TYR ? ? ? ? 337 H 
HE1  ? TYR ? ? ? ? 338 H 
HE2  ? TYR ? ? ? ? 339 H 
HH   ? TYR ? ? ? ? 340 H 
HXT  ? TYR ? ? ? ? 341 H 
N    ? VAL ? ? ? ? 342 N 
CA   ? VAL ? ? ? ? 343 C 
C    ? VAL ? ? ? ? 344 C 
O    ? VAL ? ? ? ? 345 O 
CB   ? VAL ? ? ? ? 346 C 
CG1  ? VAL ? ? ? ? 347 C 
CG2  ? VAL ? ? ? ? 348 C 
OXT  ? VAL ? ? ? ? 349 O 
H    ? VAL ? ? ? ? 350 H 
H2   ? VAL ? ? ? ? 351 H 
HA   ? VAL ? ? ? ? 352 H 
HB   ? VAL ? ? ? ? 353 H 
HG11 ? VAL ? ? ? ? 354 H 
HG12 ? VAL ? ? ? ? 355 H 
HG13 ? VAL ? ? ? ? 356 H 
HG21 ? VAL ? ? ? ? 357 H 
HG22 ? VAL ? ? ? ? 358 H 
HG23 ? VAL ? ? ? ? 359 H 
HXT  ? VAL ? ? ? ? 360 H 
#
loop_
_chem_comp_bond.atom_id_1
_chem_comp_bond.atom_id_2
_chem_comp_bond.comp_id
_chem_comp_bond.pdbx_aromatic_flag
_chem_comp_bond.pdbx_stereo_config
_chem_comp_bond.value_order
N   CA   ALA N N sing 
N   H    ALA N N sing 
N   H2   ALA N N sing 
CA  C    ALA N N sing 
CA  CB   ALA N N sing 
CA  HA   ALA N N sing 
C   O    ALA N N doub 
C   OXT  ALA N N sing 
CB  HB1  ALA N N sing 
CB  HB2  ALA N N sing 
CB  HB3  ALA N N sing 
OXT HXT  ALA N N sing 
N   CA   ARG N N sing 
N   H    ARG N N sing 
N   H2   ARG N N sing 
CA  C    ARG N N sing 
CA  CB   ARG N N sing 
CA  HA   ARG N N sing 
C   O    ARG N N doub 
C   OXT  ARG N N sing 
CB  CG   ARG N N sing 
CB  HB2  ARG N N sing 
CB  HB3  ARG N N sing 
CG  CD   ARG N N sing 
CG  HG2  ARG N N sing 
CG  HG3  ARG N N sing 
CD  NE   ARG N N sing 
CD  HD2  ARG N N sing 
CD  HD3  ARG N N sing 
NE  CZ   ARG N N sing 
NE  HE   ARG N N sing 
CZ  NH1  ARG N N sing 
CZ  NH2  ARG N N doub 
NH1 HH11 ARG N N sing 
NH1 HH12 ARG N N sing 
NH2 HH21 ARG N N sing 
NH2 HH22 ARG N N sing 
OXT HXT  ARG N N sing 
N   CA   ASN N N sing 
N   H    ASN N N sing 
N   H2   ASN N N sing 
CA  C    ASN N N sing 
CA  CB   ASN N N sing 
CA  HA   ASN N N sing 
C   O    ASN N N doub 
C   OXT  ASN N N sing 
CB  CG   ASN N N sing 
CB  HB2  ASN N N sing 
CB  HB3  ASN N N sing 
CG  OD1  ASN N N doub 
CG  ND2  ASN N N sing 
ND2 HD21 ASN N N sing 
ND2 HD22 ASN N N sing 
OXT HXT  ASN N N sing 
N   CA   ASP N N sing 
N   H    ASP N N sing 
N   H2   ASP N N sing 
CA  C    ASP N N sing 
CA  CB   ASP N N sing 
CA  HA   ASP N N sing 
C   O    ASP N N doub 
C   OXT  ASP N N sing 
CB  CG   ASP N N sing 
CB  HB2  ASP N N sing 
CB  HB3  ASP N N sing 
CG  OD1  ASP N N doub 
CG  OD2  ASP N N sing 
OD2 HD2  ASP N N sing 
OXT HXT  ASP N N sing 
N   CA   CYS N N sing 
N   H    CYS N N sing 
N   H2   CYS N N sing 
CA  C    CYS N N sing 
CA  CB   CYS N N sing 
CA  HA   CYS N N sing 
C   O    CYS N N doub 
C   OXT  CYS N N sing 
CB  SG   CYS N N sing 
CB  HB2  CYS N N sing 
CB  HB3  CYS N N sing 
SG  HG   CYS N N sing 
OXT HXT  CYS N N sing 
N   CA   GLN N N sing 
N   H    GLN N N sing 
N   H2   GLN N N sing 
CA  C    GLN N N sing 
CA  CB   GLN N N sing 
CA  HA   GLN N N sing 
C   O    GLN N N doub 
C   OXT  GLN N N sing 
CB  CG   GLN N N sing 
CB  HB2  GLN N N sing 
CB  HB3  GLN N N sing 
CG  CD   GLN N N sing 
CG  HG2  GLN N N sing 
CG  HG3  GLN N N sing 
CD  OE1  GLN N N doub 
CD  NE2  GLN N N sing 
NE2 HE21 GLN N N sing 
NE2 HE22 GLN N N sing 
OXT HXT  GLN N N sing 
N   CA   GLU N N sing 
N   H    GLU N N sing 
N   H2   GLU N N sing 
CA  C    GLU N N sing 
CA  CB   GLU N N sing 
CA  HA   GLU N N sing 
C   O    GLU N N doub 
C   OXT  GLU N N sing 
CB  CG   GLU N N sing 
CB  HB2  GLU N N sing 
CB  HB3  GLU N N sing 
CG  CD   GLU N N sing 
CG  HG2  GLU N N sing 
CG  HG3  GLU N N sing 
CD  OE1  GLU N N doub 
CD  OE2  GLU N N sing 
OE2 HE2  GLU N N sing 
OXT HXT  GLU N N sing 
N   CA   GLY N N sing 
N   H    GLY N N sing 
N   H2   GLY N N sing 
CA  C    GLY N N sing 
CA  HA2  GLY N N sing 
CA  HA3  GLY N N sing 
C   O    GLY N N doub 
C   OXT  GLY N N sing 
OXT HXT  GLY N N sing 
N   CA   HIS N N sing 
N   H    HIS N N sing 
N   H2   HIS N N sing 
CA  C    HIS N N sing 
CA  CB   HIS N N sing 
CA  HA   HIS N N sing 
C   O    HIS N N doub 
C   OXT  HIS N N sing 
CB  CG   HIS N N sing 
CB  HB2  HIS N N sing 
CB  HB3  HIS N N sing 
CG  ND1  HIS Y N sing 
CG  CD2  HIS Y N doub 
ND1 CE1  HIS Y N doub 
ND1 HD1  HIS N N sing 
CD2 NE2  HIS Y N sing 
CD2 HD2  HIS N N sing 
CE1 NE2  HIS Y N sing 
CE1 HE1  HIS N N sing 
NE2 HE2  HIS N N sing 
OXT HXT  HIS N N sing 
N   CA   ILE N N sing 
N   H    ILE N N sing 
N   H2   ILE N N sing 
CA  C    ILE N N sing 
CA  CB   ILE N N sing 
CA  HA   ILE N N sing 
C   O    ILE N N doub 
C   OXT  ILE N N sing 
CB  CG1  ILE N N sing 
CB  CG2  ILE N N sing 
CB  HB   ILE N N sing 
CG1 CD1  ILE N N sing 
CG1 HG12 ILE N N sing 
CG1 HG13 ILE N N sing 
CG2 HG21 ILE N N sing 
CG2 HG22 ILE N N sing 
CG2 HG23 ILE N N sing 
CD1 HD11 ILE N N sing 
CD1 HD12 ILE N N sing 
CD1 HD13 ILE N N sing 
OXT HXT  ILE N N sing 
N   CA   LEU N N sing 
N   H    LEU N N sing 
N   H2   LEU N N sing 
CA  C    LEU N N sing 
CA  CB   LEU N N sing 
CA  HA   LEU N N sing 
C   O    LEU N N doub 
C   OXT  LEU N N sing 
CB  CG   LEU N N sing 
CB  HB2  LEU N N sing 
CB  HB3  LEU N N sing 
CG  CD1  LEU N N sing 
CG  CD2  LEU N N sing 
CG  HG   LEU N N sing 
CD1 HD11 LEU N N sing 
CD1 HD12 LEU N N sing 
CD1 HD13 LEU N N sing 
CD2 HD21 LEU N N sing 
CD2 HD22 LEU N N sing 
CD2 HD23 LEU N N sing 
OXT HXT  LEU N N sing 
N   CA   LYS N N sing 
N   H    LYS N N sing 
N   H2   LYS N N sing 
CA  C    LYS N N sing 
CA  CB   LYS N N sing 
CA  HA   LYS N N sing 
C   O    LYS N N doub 
C   OXT  LYS N N sing 
CB  CG   LYS N N sing 
CB  HB2  LYS N N sing 
CB  HB3  LYS N N sing 
CG  CD   LYS N N sing 
CG  HG2  LYS N N sing 
CG  HG3  LYS N N sing 
CD  CE   LYS N N sing 
CD  HD2  LYS N N sing 
CD  HD3  LYS N N sing 
CE  NZ   LYS N N sing 
CE  HE2  LYS N N sing 
CE  HE3  LYS N N sing 
NZ  HZ1  LYS N N sing 
NZ  HZ2  LYS N N sing 
NZ  HZ3  LYS N N sing 
OXT HXT  LYS N N sing 
N   CA   MET N N sing 
N   H    MET N N sing 
N   H2   MET N N sing 
CA  C    MET N N sing 
CA  CB   MET N N sing 
CA  HA   MET N N sing 
C   O    MET N N doub 
C   OXT  MET N N sing 
CB  CG   MET N N sing 
CB  HB2  MET N N sing 
CB  HB3  MET N N sing 
CG  SD   MET N N sing 
CG  HG2  MET N N sing 
CG  HG3  MET N N sing 
SD  CE   MET N N sing 
CE  HE1  MET N N sing 
CE  HE2  MET N N sing 
CE  HE3  MET N N sing 
OXT HXT  MET N N sing 
N   CA   PHE N N sing 
N   H    PHE N N sing 
N   H2   PHE N N sing 
CA  C    PHE N N sing 
CA  CB   PHE N N sing 
CA  HA   PHE N N sing 
C   O    PHE N N doub 
C   OXT  PHE N N sing 
CB  CG   PHE N N sing 
CB  HB2  PHE N N sing 
CB  HB3  PHE N N sing 
CG  CD1  PHE Y N doub 
CG  CD2  PHE Y N sing 
CD1 CE1  PHE Y N sing 
CD1 HD1  PHE N N sing 
CD2 CE2  PHE Y N doub 
CD2 HD2  PHE N N sing 
CE1 CZ   PHE Y N doub 
CE1 HE1  PHE N N sing 
CE2 CZ   PHE Y N sing 
CE2 HE2  PHE N N sing 
CZ  HZ   PHE N N sing 
OXT HXT  PHE N N sing 
N   CA   PRO N N sing 
N   CD   PRO N N sing 
N   H    PRO N N sing 
CA  C    PRO N N sing 
CA  CB   PRO N N sing 
CA  HA   PRO N N sing 
C   O    PRO N N doub 
C   OXT  PRO N N sing 
CB  CG   PRO N N sing 
CB  HB2  PRO N N sing 
CB  HB3  PRO N N sing 
CG  CD   PRO N N sing 
CG  HG2  PRO N N sing 
CG  HG3  PRO N N sing 
CD  HD2  PRO N N sing 
CD  HD3  PRO N N sing 
OXT HXT  PRO N N sing 
N   CA   SER N N sing 
N   H    SER N N sing 
N   H2   SER N N sing 
CA  C    SER N N sing 
CA  CB   SER N N sing 
CA  HA   SER N N sing 
C   O    SER N N doub 
C   OXT  SER N N sing 
CB  OG   SER N N sing 
CB  HB2  SER N N sing 
CB  HB3  SER N N sing 
OG  HG   SER N N sing 
OXT HXT  SER N N sing 
N   CA   THR N N sing 
N   H    THR N N sing 
N   H2   THR N N sing 
CA  C    THR N N sing 
CA  CB   THR N N sing 
CA  HA   THR N N sing 
C   O    THR N N doub 
C   OXT  THR N N sing 
CB  OG1  THR N N sing 
CB  CG2  THR N N sing 
CB  HB   THR N N sing 
OG1 HG1  THR N N sing 
CG2 HG21 THR N N sing 
CG2 HG22 THR N N sing 
CG2 HG23 THR N N sing 
OXT HXT  THR N N sing 
N   CA   TYR N N sing 
N   H    TYR N N sing 
N   H2   TYR N N sing 
CA  C    TYR N N sing 
CA  CB   TYR N N sing 
CA  HA   TYR N N sing 
C   O    TYR N N doub 
C   OXT  TYR N N sing 
CB  CG   TYR N N sing 
CB  HB2  TYR N N sing 
CB  HB3  TYR N N sing 
CG  CD1  TYR Y N doub 
CG  CD2  TYR Y N sing 
CD1 CE1  TYR Y N sing 
CD1 HD1  TYR N N sing 
CD2 CE2  TYR Y N doub 
CD2 HD2  TYR N N sing 
CE1 CZ   TYR Y N doub 
CE1 HE1  TYR N N sing 
CE2 CZ   TYR Y N sing 
CE2 HE2  TYR N N sing 
CZ  OH   TYR N N sing 
OH  HH   TYR N N sing 
OXT HXT  TYR N N sing 
N   CA   VAL N N sing 
N   H    VAL N N sing 
N   H2   VAL N N sing 
CA  C    VAL N N sing 
CA  CB   VAL N N sing 
CA  HA   VAL N N sing 
C   O    VAL N N doub 
C   OXT  VAL N N sing 
CB  CG1  VAL N N sing 
CB  CG2  VAL N N sing 
CB  HB   VAL N N sing 
CG1 HG11 VAL N N sing 
CG1 HG12 VAL N N sing 
CG1 HG13 VAL N N sing 
CG2 HG21 VAL N N sing 
CG2 HG22 VAL N N sing 
CG2 HG23 VAL N N sing 
OXT HXT  VAL N N sing 
#
_entity.id               1
_entity.pdbx_description "MAJOR CAPSID PROTEIN"
_entity.type             polymer
#
_entity_poly.entity_id      1
_entity_poly.pdbx_strand_id A
_entity_poly.type           polypeptide(L)
#
loop_
_entity_poly_seq.entity_id
_entity_poly_seq.hetero
_entity_poly_seq.mon_id
_entity_poly_seq.num
1 n MET 1   
1 n THR 2   
1 n THR 3   
1 n LEU 4   
1 n SER 5   
1 n ASN 6   
1 n PHE 7   
1 n SER 8   
1 n LEU 9   
1 n PRO 10  
1 n ASN 11  
1 n GLN 12  
1 n ALA 13  
1 n ASN 14  
1 n GLY 15  
1 n GLY 16  
1 n ALA 17  
1 n ARG 18  
1 n ASN 19  
1 n ALA 20  
1 n ASP 21  
1 n TYR 22  
1 n ASP 23  
1 n VAL 24  
1 n ARG 25  
1 n TYR 26  
1 n ALA 27  
1 n THR 28  
1 n ALA 29  
1 n LEU 30  
1 n LYS 31  
1 n LEU 32  
1 n PHE 33  
1 n SER 34  
1 n GLY 35  
1 n GLU 36  
1 n VAL 37  
1 n PHE 38  
1 n THR 39  
1 n ALA 40  
1 n PHE 41  
1 n ASN 42  
1 n ASN 43  
1 n ALA 44  
1 n SER 45  
1 n ILE 46  
1 n PHE 47  
1 n LYS 48  
1 n GLY 49  
1 n LEU 50  
1 n VAL 51  
1 n ARG 52  
1 n SER 53  
1 n TYR 54  
1 n ASP 55  
1 n LEU 56  
1 n ARG 57  
1 n GLY 58  
1 n GLY 59  
1 n LYS 60  
1 n SER 61  
1 n LYS 62  
1 n GLN 63  
1 n PHE 64  
1 n MET 65  
1 n PHE 66  
1 n THR 67  
1 n GLY 68  
1 n LYS 69  
1 n LEU 70  
1 n SER 71  
1 n ALA 72  
1 n GLY 73  
1 n TYR 74  
1 n HIS 75  
1 n THR 76  
1 n PRO 77  
1 n GLY 78  
1 n THR 79  
1 n PRO 80  
1 n ILE 81  
1 n VAL 82  
1 n GLY 83  
1 n ASP 84  
1 n ALA 85  
1 n GLY 86  
1 n ILE 87  
1 n LYS 88  
1 n ALA 89  
1 n ASN 90  
1 n GLU 91  
1 n LYS 92  
1 n THR 93  
1 n LEU 94  
1 n VAL 95  
1 n MET 96  
1 n ASP 97  
1 n ASP 98  
1 n LEU 99  
1 n LEU 100 
1 n VAL 101 
1 n SER 102 
1 n SER 103 
1 n GLN 104 
1 n PHE 105 
1 n VAL 106 
1 n TYR 107 
1 n SER 108 
1 n LEU 109 
1 n ASP 110 
1 n GLU 111 
1 n ILE 112 
1 n PHE 113 
1 n SER 114 
1 n GLN 115 
1 n TYR 116 
1 n SER 117 
1 n THR 118 
1 n ARG 119 
1 n ALA 120 
1 n GLU 121 
1 n VAL 122 
1 n SER 123 
1 n LYS 124 
1 n GLN 125 
1 n ILE 126 
1 n GLY 127 
1 n GLU 128 
1 n ALA 129 
1 n LEU 130 
1 n ALA 131 
1 n THR 132 
1 n HIS 133 
1 n TYR 134 
1 n ASP 135 
1 n GLU 136 
1 n ARG 137 
1 n ILE 138 
1 n ALA 139 
1 n ARG 140 
1 n VAL 141 
1 n LEU 142 
1 n ALA 143 
1 n LYS 144 
1 n ALA 145 
1 n SER 146 
1 n ALA 147 
1 n GLU 148 
1 n ALA 149 
1 n SER 150 
1 n PRO 151 
1 n VAL 152 
1 n THR 153 
1 n GLY 154 
1 n GLU 155 
1 n PRO 156 
1 n GLY 157 
1 n GLY 158 
1 n PHE 159 
1 n HIS 160 
1 n VAL 161 
1 n ASN 162 
1 n ILE 163 
1 n GLY 164 
1 n ALA 165 
1 n GLY 166 
1 n ASN 167 
1 n THR 168 
1 n ASN 169 
1 n ASP 170 
1 n ALA 171 
1 n GLN 172 
1 n ALA 173 
1 n ILE 174 
1 n VAL 175 
1 n ASP 176 
1 n GLY 177 
1 n PHE 178 
1 n PHE 179 
1 n GLU 180 
1 n ALA 181 
1 n ALA 182 
1 n ALA 183 
1 n VAL 184 
1 n LEU 185 
1 n ASP 186 
1 n GLU 187 
1 n ARG 188 
1 n SER 189 
1 n ALA 190 
1 n PRO 191 
1 n GLN 192 
1 n GLU 193 
1 n GLY 194 
1 n ARG 195 
1 n VAL 196 
1 n ALA 197 
1 n VAL 198 
1 n LEU 199 
1 n SER 200 
1 n PRO 201 
1 n ARG 202 
1 n GLN 203 
1 n TYR 204 
1 n TYR 205 
1 n SER 206 
1 n LEU 207 
1 n ILE 208 
1 n SER 209 
1 n SER 210 
1 n VAL 211 
1 n ASP 212 
1 n THR 213 
1 n ASN 214 
1 n ILE 215 
1 n LEU 216 
1 n ASN 217 
1 n ARG 218 
1 n GLU 219 
1 n ILE 220 
1 n GLY 221 
1 n ASN 222 
1 n SER 223 
1 n GLN 224 
1 n GLY 225 
1 n ASP 226 
1 n MET 227 
1 n ASN 228 
1 n SER 229 
1 n GLY 230 
1 n LYS 231 
1 n GLY 232 
1 n LEU 233 
1 n TYR 234 
1 n SER 235 
1 n ILE 236 
1 n ALA 237 
1 n GLY 238 
1 n ILE 239 
1 n ARG 240 
1 n ILE 241 
1 n LEU 242 
1 n LYS 243 
1 n SER 244 
1 n ASN 245 
1 n ASN 246 
1 n LEU 247 
1 n ALA 248 
1 n GLY 249 
1 n LEU 250 
1 n TYR 251 
1 n GLY 252 
1 n GLN 253 
1 n ASP 254 
1 n LEU 255 
1 n SER 256 
1 n SER 257 
1 n ALA 258 
1 n ALA 259 
1 n VAL 260 
1 n THR 261 
1 n GLY 262 
1 n GLU 263 
1 n ASN 264 
1 n ASN 265 
1 n ASP 266 
1 n TYR 267 
1 n GLN 268 
1 n VAL 269 
1 n ASP 270 
1 n ALA 271 
1 n SER 272 
1 n ALA 273 
1 n LEU 274 
1 n ALA 275 
1 n GLY 276 
1 n LEU 277 
1 n ILE 278 
1 n PHE 279 
1 n HIS 280 
1 n ARG 281 
1 n GLU 282 
1 n ALA 283 
1 n ALA 284 
1 n GLY 285 
1 n CYS 286 
1 n ILE 287 
1 n GLN 288 
1 n SER 289 
1 n VAL 290 
1 n ALA 291 
1 n PRO 292 
1 n THR 293 
1 n ILE 294 
1 n GLN 295 
1 n THR 296 
1 n THR 297 
1 n SER 298 
1 n GLY 299 
1 n ASP 300 
1 n PHE 301 
1 n ASN 302 
1 n VAL 303 
1 n GLN 304 
1 n TYR 305 
1 n GLN 306 
1 n GLY 307 
1 n ASP 308 
1 n LEU 309 
1 n ILE 310 
1 n VAL 311 
1 n GLY 312 
1 n LYS 313 
1 n LEU 314 
1 n ALA 315 
1 n MET 316 
1 n GLY 317 
1 n CYS 318 
1 n GLY 319 
1 n SER 320 
1 n LEU 321 
1 n ARG 322 
1 n THR 323 
1 n SER 324 
1 n VAL 325 
1 n ALA 326 
1 n GLY 327 
1 n SER 328 
1 n PHE 329 
1 n GLN 330 
1 n ALA 331 
1 n ALA 332 
#
_exptl.method "ELECTRON MICROSCOPY"
#
_pdbx_audit_revision_history.revision_date 2014-05-21
#
_pdbx_database_status.recvd_initial_deposition_date 2014-05-21
#
loop_
_pdbx_poly_seq_scheme.asym_id
_pdbx_poly_seq_scheme.auth_seq_num
_pdbx_poly_seq_scheme.entity_id
_pdbx_poly_seq_scheme.hetero
_pdbx_poly_seq_scheme.mon_id
_pdbx_poly_seq_scheme.pdb_ins_code
_pdbx_poly_seq_scheme.pdb_seq_num
_pdbx_poly_seq_scheme.pdb_strand_id
_pdbx_poly_seq_scheme.seq_id
A ?   1 n MET . 1   A 1   
A ?   1 n THR . 2   A 2   
A ?   1 n THR . 3   A 3   
A ?   1 n LEU . 4   A 4   
A ?   1 n SER . 5   A 5   
A ?   1 n ASN . 6   A 6   
A ?   1 n PHE . 7   A 7   
A ?   1 n SER . 8   A 8   
A ?   1 n LEU . 9   A 9   
A ?   1 n PRO . 10  A 10  
A ?   1 n ASN . 11  A 11  
A ?   1 n GLN . 12  A 12  
A ?   1 n ALA . 13  A 13  
A ?   1 n ASN . 14  A 14  
A ?   1 n GLY . 15  A 15  
A ?   1 n GLY . 16  A 16  
A ?   1 n ALA . 17  A 17  
A ?   1 n ARG . 18  A 18  
A ?   1 n ASN . 19  A 19  
A ?   1 n ALA . 20  A 20  
A ?   1 n ASP . 21  A 21  
A ?   1 n TYR . 22  A 22  
A ?   1 n ASP . 23  A 23  
A 24  1 n VAL . 24  A 24  
A 25  1 n ARG . 25  A 25  
A 26  1 n TYR . 26  A 26  
A 27  1 n ALA . 27  A 27  
A 28  1 n THR . 28  A 28  
A 29  1 n ALA . 29  A 29  
A 30  1 n LEU . 30  A 30  
A 31  1 n LYS . 31  A 31  
A 32  1 n LEU . 32  A 32  
A 33  1 n PHE . 33  A 33  
A 34  1 n SER . 34  A 34  
A 35  1 n GLY . 35  A 35  
A 36  1 n GLU . 36  A 36  
A 37  1 n VAL . 37  A 37  
A 38  1 n PHE . 38  A 38  
A 39  1 n THR . 39  A 39  
A 40  1 n ALA . 40  A 40  
A 41  1 n PHE . 41  A 41  
A 42  1 n ASN . 42  A 42  
A 43  1 n ASN . 43  A 43  
A 44  1 n ALA . 44  A 44  
A 45  1 n SER . 45  A 45  
A 46  1 n ILE . 46  A 46  
A 47  1 n PHE . 47  A 47  
A 48  1 n LYS . 48  A 48  
A 49  1 n GLY . 49  A 49  
A 50  1 n LEU . 50  A 50  
A 51  1 n VAL . 51  A 51  
A 52  1 n ARG . 52  A 52  
A 53  1 n SER . 53  A 53  
A 54  1 n TYR . 54  A 54  
A 55  1 n ASP . 55  A 55  
A 56  1 n LEU . 56  A 56  
A 57  1 n ARG . 57  A 57  
A 58  1 n GLY . 58  A 58  
A 59  1 n GLY . 59  A 59  
A 60  1 n LYS . 60  A 60  
A 61  1 n SER . 61  A 61  
A 62  1 n LYS . 62  A 62  
A 63  1 n GLN . 63  A 63  
A 64  1 n PHE . 64  A 64  
A 65  1 n MET . 65  A 65  
A 66  1 n PHE . 66  A 66  
A 67  1 n THR . 67  A 67  
A 68  1 n GLY . 68  A 68  
A 69  1 n LYS . 69  A 69  
A 70  1 n LEU . 70  A 70  
A 71  1 n SER . 71  A 71  
A 72  1 n ALA . 72  A 72  
A 73  1 n GLY . 73  A 73  
A 74  1 n TYR . 74  A 74  
A 75  1 n HIS . 75  A 75  
A 76  1 n THR . 76  A 76  
A 77  1 n PRO . 77  A 77  
A 78  1 n GLY . 78  A 78  
A 79  1 n THR . 79  A 79  
A 80  1 n PRO . 80  A 80  
A 81  1 n ILE . 81  A 81  
A 82  1 n VAL . 82  A 82  
A 83  1 n GLY . 83  A 83  
A 84  1 n ASP . 84  A 84  
A 85  1 n ALA . 85  A 85  
A 86  1 n GLY . 86  A 86  
A 87  1 n ILE . 87  A 87  
A 88  1 n LYS . 88  A 88  
A 89  1 n ALA . 89  A 89  
A 90  1 n ASN . 90  A 90  
A 91  1 n GLU . 91  A 91  
A 92  1 n LYS . 92  A 92  
A 93  1 n THR . 93  A 93  
A 94  1 n LEU . 94  A 94  
A 95  1 n VAL . 95  A 95  
A 96  1 n MET . 96  A 96  
A 97  1 n ASP . 97  A 97  
A 98  1 n ASP . 98  A 98  
A 99  1 n LEU . 99  A 99  
A 100 1 n LEU . 100 A 100 
A 101 1 n VAL . 101 A 101 
A 102 1 n SER . 102 A 102 
A 103 1 n SER . 103 A 103 
A 104 1 n GLN . 104 A 104 
A 105 1 n PHE . 105 A 105 
A 106 1 n VAL . 106 A 106 
A 107 1 n TYR . 107 A 107 
A 108 1 n SER . 108 A 108 
A 109 1 n LEU . 109 A 109 
A 110 1 n ASP . 110 A 110 
A 111 1 n GLU . 111 A 111 
A 112 1 n ILE . 112 A 112 
A 113 1 n PHE . 113 A 113 
A 114 1 n SER . 114 A 114 
A 115 1 n GLN . 115 A 115 
A 116 1 n TYR . 116 A 116 
A 117 1 n SER . 117 A 117 
A 118 1 n THR . 118 A 118 
A 119 1 n ARG . 119 A 119 
A 120 1 n ALA . 120 A 120 
A 121 1 n GLU . 121 A 121 
A 122 1 n VAL . 122 A 122 
A 123 1 n SER . 123 A 123 
A 124 1 n LYS . 124 A 124 
A 125 1 n GLN . 125 A 125 
A 126 1 n ILE . 126 A 126 
A 127 1 n GLY . 127 A 127 
A 128 1 n GLU . 128 A 128 
A 129 1 n ALA . 129 A 129 
A 130 1 n LEU . 130 A 130 
A 131 1 n ALA . 131 A 131 
A 132 1 n THR . 132 A 132 
A 133 1 n HIS . 133 A 133 
A 134 1 n TYR . 134 A 134 
A 135 1 n ASP . 135 A 135 
A 136 1 n GLU . 136 A 136 
A 137 1 n ARG . 137 A 137 
A 138 1 n ILE . 138 A 138 
A 139 1 n ALA . 139 A 139 
A 140 1 n ARG . 140 A 140 
A 141 1 n VAL . 141 A 141 
A 142 1 n LEU . 142 A 142 
A 143 1 n ALA . 143 A 143 
A 144 1 n LYS . 144 A 144 
A 145 1 n ALA . 145 A 145 
A 146 1 n SER . 146 A 146 
A 147 1 n ALA . 147 A 147 
A 148 1 n GLU . 148 A 148 
A 149 1 n ALA . 149 A 149 
A 150 1 n SER . 150 A 150 
A 151 1 n PRO . 151 A 151 
A 152 1 n VAL . 152 A 152 
A 153 1 n THR . 153 A 153 
A 154 1 n GLY . 154 A 154 
A 155 1 n GLU . 155 A 155 
A 156 1 n PRO . 156 A 156 
A 157 1 n GLY . 157 A 157 
A 158 1 n GLY . 158 A 158 
A 159 1 n PHE . 159 A 159 
A 160 1 n HIS . 160 A 160 
A 161 1 n VAL . 161 A 161 
A 162 1 n ASN . 162 A 162 
A 163 1 n ILE . 163 A 163 
A 164 1 n GLY . 164 A 164 
A 165 1 n ALA . 165 A 165 
A 166 1 n GLY . 166 A 166 
A 167 1 n ASN . 167 A 167 
A 168 1 n THR . 168 A 168 
A 169 1 n ASN . 169 A 169 
A 170 1 n ASP . 170 A 170 
A 171 1 n ALA . 171 A 171 
A 172 1 n GLN . 172 A 172 
A 173 1 n ALA . 173 A 173 
A 174 1 n ILE . 174 A 174 
A 175 1 n VAL . 175 A 175 
A 176 1 n ASP . 176 A 176 
A 177 1 n GLY . 177 A 177 
A 178 1 n PHE . 178 A 178 
A 179 1 n PHE . 179 A 179 
A 180 1 n GLU . 180 A 180 
A 181 1 n ALA . 181 A 181 
A 182 1 n ALA . 182 A 182 
A 183 1 n ALA . 183 A 183 
A 184 1 n VAL . 184 A 184 
A 185 1 n LEU . 185 A 185 
A 186 1 n ASP . 186 A 186 
A 187 1 n GLU . 187 A 187 
A 188 1 n ARG . 188 A 188 
A 189 1 n SER . 189 A 189 
A 190 1 n ALA . 190 A 190 
A 191 1 n PRO . 191 A 191 
A 192 1 n GLN . 192 A 192 
A 193 1 n GLU . 193 A 193 
A 194 1 n GLY . 194 A 194 
A 195 1 n ARG . 195 A 195 
A 196 1 n VAL . 196 A 196 
A 197 1 n ALA . 197 A 197 
A 198 1 n VAL . 198 A 198 
A 199 1 n LEU . 199 A 199 
A 200 1 n SER . 200 A 200 
A 201 1 n PRO . 201 A 201 
A 202 1 n ARG . 202 A 202 
A 203 1 n GLN . 203 A 203 
A 204 1 n TYR . 204 A 204 
A 205 1 n TYR . 205 A 205 
A 206 1 n SER . 206 A 206 
A 207 1 n LEU . 207 A 207 
A 208 1 n ILE . 208 A 208 
A 209 1 n SER . 209 A 209 
A 210 1 n SER . 210 A 210 
A 211 1 n VAL . 211 A 211 
A 212 1 n ASP . 212 A 212 
A 213 1 n THR . 213 A 213 
A 214 1 n ASN . 214 A 214 
A 215 1 n ILE . 215 A 215 
A 216 1 n LEU . 216 A 216 
A 217 1 n ASN . 217 A 217 
A 218 1 n ARG . 218 A 218 
A 219 1 n GLU . 219 A 219 
A 220 1 n ILE . 220 A 220 
A 221 1 n GLY . 221 A 221 
A 222 1 n ASN . 222 A 222 
A 223 1 n SER . 223 A 223 
A 224 1 n GLN . 224 A 224 
A 225 1 n GLY . 225 A 225 
A 226 1 n ASP . 226 A 226 
A 227 1 n MET . 227 A 227 
A 228 1 n ASN . 228 A 228 
A 229 1 n SER . 229 A 229 
A 230 1 n GLY . 230 A 230 
A 231 1 n LYS . 231 A 231 
A 232 1 n GLY . 232 A 232 
A 233 1 n LEU . 233 A 233 
A 234 1 n TYR . 234 A 234 
A 235 1 n SER . 235 A 235 
A 236 1 n ILE . 236 A 236 
A 237 1 n ALA . 237 A 237 
A 238 1 n GLY . 238 A 238 
A 239 1 n ILE . 239 A 239 
A 240 1 n ARG . 240 A 240 
A 241 1 n ILE . 241 A 241 
A 242 1 n LEU . 242 A 242 
A 243 1 n LYS . 243 A 243 
A 244 1 n SER . 244 A 244 
A 245 1 n ASN . 245 A 245 
A 246 1 n ASN . 246 A 246 
A 247 1 n LEU . 247 A 247 
A 248 1 n ALA . 248 A 248 
A 249 1 n GLY . 249 A 249 
A 250 1 n LEU . 250 A 250 
A 251 1 n TYR . 251 A 251 
A 252 1 n GLY . 252 A 252 
A 253 1 n GLN . 253 A 253 
A 254 1 n ASP . 254 A 254 
A 255 1 n LEU . 255 A 255 
A 256 1 n SER . 256 A 256 
A 257 1 n SER . 257 A 257 
A 258 1 n ALA . 258 A 258 
A 259 1 n ALA . 259 A 259 
A 260 1 n VAL . 260 A 260 
A 261 1 n THR . 261 A 261 
A 262 1 n GLY . 262 A 262 
A 263 1 n GLU . 263 A 263 
A 264 1 n ASN . 264 A 264 
A 265 1 n ASN . 265 A 265 
A 266 1 n ASP . 266 A 266 
A 267 1 n TYR . 267 A 267 
A 268 1 n GLN . 268 A 268 
A 269 1 n VAL . 269 A 269 
A 270 1 n ASP . 270 A 270 
A 271 1 n ALA . 271 A 271 
A 272 1 n SER . 272 A 272 
A 273 1 n ALA . 273 A 273 
A 274 1 n LEU . 274 A 274 
A 275 1 n ALA . 275 A 275 
A 276 1 n GLY . 276 A 276 
A 277 1 n LEU . 277 A 277 
A 278 1 n ILE . 278 A 278 
A 279 1 n PHE . 279 A 279 
A 280 1 n HIS . 280 A 280 
A 281 1 n ARG . 281 A 281 
A 282 1 n GLU . 282 A 282 
A 283 1 n ALA . 283 A 283 
A 284 1 n ALA . 284 A 284 
A 285 1 n GLY . 285 A 285 
A 286 1 n CYS . 286 A 286 
A 287 1 n ILE . 287 A 287 
A 288 1 n GLN . 288 A 288 
A 289 1 n SER . 289 A 289 
A 290 1 n VAL . 290 A 290 
A 291 1 n ALA . 291 A 291 
A 292 1 n PRO . 292 A 292 
A 293 1 n THR . 293 A 293 
A 294 1 n ILE . 294 A 294 
A 295 1 n GLN . 295 A 295 
A 296 1 n THR . 296 A 296 
A 297 1 n THR . 297 A 297 
A 298 1 n SER . 298 A 298 
A 299 1 n GLY . 299 A 299 
A 300 1 n ASP . 300 A 300 
A 301 1 n PHE . 301 A 301 
A 302 1 n ASN . 302 A 302 
A 303 1 n VAL . 303 A 303 
A 304 1 n GLN . 304 A 304 
A 305 1 n TYR . 305 A 305 
A 306 1 n GLN . 306 A 306 
A 307 1 n GLY . 307 A 307 
A 308 1 n ASP . 308 A 308 
A 309 1 n LEU . 309 A 309 
A 310 1 n ILE . 310 A 310 
A 311 1 n VAL . 311 A 311 
A 312 1 n GLY . 312 A 312 
A 313 1 n LYS . 313 A 313 
A 314 1 n LEU . 314 A 314 
A 315 1 n ALA . 315 A 315 
A 316 1 n MET . 316 A 316 
A 317 1 n GLY . 317 A 317 
A 318 1 n CYS . 318 A 318 
A 319 1 n GLY . 319 A 319 
A 320 1 n SER . 320 A 320 
A 321 1 n LEU . 321 A 321 
A 322 1 n ARG . 322 A 322 
A 323 1 n THR . 323 A 323 
A 324 1 n SER . 324 A 324 
A 325 1 n VAL . 325 A 325 
A 326 1 n ALA . 326 A 326 
A 327 1 n GLY . 327 A 327 
A 328 1 n SER . 328 A 328 
A 329 1 n PHE . 329 A 329 
A 330 1 n GLN . 330 A 330 
A 331 1 n ALA . 331 A 331 
A 332 1 n ALA . 332 A 332 
#
loop_
_pdbx_struct_assembly.details
_pdbx_struct_assembly.id
_pdbx_struct_assembly.method_details
_pdbx_struct_assembly.oligomeric_count
_pdbx_struct_assembly.oligomeric_details
"complete icosahedral assembly"                1 ? 420 420-MERIC  
"icosahedral asymmetric unit"                  2 ? 7   heptameric 
"icosahedral pentamer"                         3 ? 35  35-meric   
"icosahedral 23 hexamer"                       4 ? 42  42-meric   
"icosahedral asymmetric unit, std point frame" 5 ? 7   heptameric 
#
loop_
_pdbx_struct_assembly_gen.assembly_id
_pdbx_struct_assembly_gen.asym_id_list
_pdbx_struct_assembly_gen.oper_expression
1 A,B,C,D,E,F,G (1-60)           
2 A,B,C,D,E,F,G 1                
3 A,B,C,D,E,F,G (1-5)            
4 A,B,C,D,E,F,G (1,2,6,10,23,24) 
5 A,B,C,D,E,F,G P                
#
loop_
_pdbx_struct_oper_list.id
_pdbx_struct_oper_list.matrix[1][1]
_pdbx_struct_oper_list.matrix[1][2]
_pdbx_struct_oper_list.matrix[1][3]
_pdbx_struct_oper_list.matrix[2][1]
_pdbx_struct_oper_list.matrix[2][2]
_pdbx_struct_oper_list.matrix[2][3]
_pdbx_struct_oper_list.matrix[3][1]
_pdbx_struct_oper_list.matrix[3][2]
_pdbx_struct_oper_list.matrix[3][3]
_pdbx_struct_oper_list.name
_pdbx_struct_oper_list.symmetry_operation
_pdbx_struct_oper_list.type
_pdbx_struct_oper_list.vector[1]
_pdbx_struct_oper_list.vector[2]
_pdbx_struct_oper_list.vector[3]
P  -0.58778525 0.80901699  0.00000000  -0.68819097 -0.50000000 -0.52573110 -0.42532539 -0.30901699 0.85065082  ?     ?     "transform to point frame" 0.00000 0.00000 0.00000 
1  1.00000000  0.00000000  0.00000000  0.00000000  1.00000000  0.00000000  0.00000000  0.00000000  1.00000000  1_555 x,y,z "identity operation"       0.00000 0.00000 0.00000 
2  0.67082038  -0.16245986 -0.72360680 0.68819097  0.49999999  0.52573111  0.27639319  -0.85065080 0.44721361  ?     ?     "point symmetry operation" 0.00000 0.00000 0.00000 
3  0.13819658  0.42532539  -0.89442721 0.95105652  -0.30901700 -0.00000001 -0.27639322 -0.85065081 -0.44721357 ?     ?     "point symmetry operation" 0.00000 0.00000 0.00000 
4  0.13819659  0.95105651  -0.27639322 0.42532538  -0.30901700 -0.85065082 -0.89442720 -0.00000002 -0.44721358 ?     ?     "point symmetry operation" 0.00000 0.00000 0.00000 
5  0.67082039  0.68819097  0.27639319  -0.16245987 0.50000000  -0.85065081 -0.72360680 0.52573110  0.44721360  ?     ?     "point symmetry operation" 0.00000 0.00000 0.00000 
6  -0.63819662 0.26286555  -0.72360679 0.26286554  -0.80901700 -0.52573111 -0.72360678 -0.52573111 0.44721362  ?     ?     "point symmetry operation" 0.00000 0.00000 0.00000 
7  -0.44721360 0.85065080  0.27639321  -0.52573113 -0.00000001 -0.85065080 -0.72360678 -0.52573112 0.44721361  ?     ?     "point symmetry operation" 0.00000 0.00000 0.00000 
8  0.36180341  0.26286555  0.89442719  -0.58778526 0.80901699  0.00000000  -0.72360679 -0.52573111 0.44721359  ?     ?     "point symmetry operation" 0.00000 0.00000 0.00000 
9  0.67082039  -0.68819096 0.27639321  0.16245986  0.50000000  0.85065081  -0.72360680 -0.52573110 0.44721360  ?     ?     "point symmetry operation" 0.00000 0.00000 0.00000 
10 0.05278638  -0.68819097 -0.72360679 0.68819096  -0.50000000 0.52573112  -0.72360679 -0.52573109 0.44721362  ?     ?     "point symmetry operation" 0.00000 0.00000 0.00000 
11 -0.05278638 0.68819097  0.72360679  0.68819098  -0.49999999 0.52573111  0.72360679  0.52573110  -0.44721362 ?     ?     "point symmetry operation" 0.00000 0.00000 0.00000 
12 0.63819662  -0.26286554 0.72360679  0.26286555  -0.80901699 -0.52573112 0.72360678  0.52573111  -0.44721362 ?     ?     "point symmetry operation" 0.00000 0.00000 0.00000 
13 0.44721360  -0.85065080 -0.27639321 -0.52573112 0.00000000  -0.85065081 0.72360678  0.52573112  -0.44721360 ?     ?     "point symmetry operation" 0.00000 0.00000 0.00000 
14 -0.36180340 -0.26286555 -0.89442719 -0.58778525 0.80901700  0.00000000  0.72360680  0.52573111  -0.44721359 ?     ?     "point symmetry operation" 0.00000 0.00000 0.00000 
15 -0.67082039 0.68819096  -0.27639321 0.16245987  0.50000001  0.85065080  0.72360680  0.52573109  -0.44721361 ?     ?     "point symmetry operation" 0.00000 0.00000 0.00000 
16 -0.30901700 -0.95105651 0.00000000  -0.95105652 0.30901700  0.00000000  0.00000000  0.00000001  -1.00000000 ?     ?     "point symmetry operation" 0.00000 0.00000 0.00000 
17 -0.86180341 -0.42532539 -0.27639319 -0.42532539 0.30901701  0.85065081  -0.27639319 0.85065081  -0.44721360 ?     ?     "point symmetry operation" 0.00000 0.00000 0.00000 
18 -0.94721359 0.16245986  0.27639322  0.16245987  -0.49999999 0.85065082  0.27639323  0.85065080  0.44721358  ?     ?     "point symmetry operation" 0.00000 0.00000 0.00000 
19 -0.44721357 0.00000000  0.89442721  0.00000000  -1.00000000 0.00000001  0.89442720  0.00000000  0.44721357  ?     ?     "point symmetry operation" 0.00000 0.00000 0.00000 
20 -0.05278638 -0.68819096 0.72360680  -0.68819097 -0.50000001 -0.52573111 0.72360679  -0.52573110 -0.44721361 ?     ?     "point symmetry operation" 0.00000 0.00000 0.00000 
21 0.94721359  -0.16245986 -0.27639322 0.16245986  -0.50000000 0.85065081  -0.27639323 -0.85065080 -0.44721358 ?     ?     "point symmetry operation" 0.00000 0.00000 0.00000 
22 0.44721357  0.00000000  -0.89442721 -0.00000001 -1.00000000 0.00000000  -0.89442720 0.00000000  -0.44721357 ?     ?     "point symmetry operation" 0.00000 0.00000 0.00000 
23 0.05278638  0.68819096  -0.72360680 -0.68819098 -0.50000000 -0.52573110 -0.72360678 0.52573110  0.44721361  ?     ?     "point symmetry operation" 0.00000 0.00000 0.00000 
24 0.30901700  0.95105651  0.00000000  -0.95105652 0.30901699  0.00000002  0.00000002  -0.00000001 1.00000000  ?     ?     "point symmetry operation" 0.00000 0.00000 0.00000 
25 0.86180341  0.42532539  0.27639319  -0.42532539 0.30901699  0.85065082  0.27639319  -0.85065081 0.44721359  ?     ?     "point symmetry operation" 0.00000 0.00000 0.00000 
26 -0.44721360 0.52573112  -0.72360679 -0.85065080 0.00000000  0.52573113  0.27639322  0.85065079  0.44721359  ?     ?     "point symmetry operation" 0.00000 0.00000 0.00000 
27 -0.13819658 0.95105651  0.27639320  -0.42532538 -0.30901699 0.85065083  0.89442720  -0.00000001 0.44721358  ?     ?     "point symmetry operation" 0.00000 0.00000 0.00000 
28 0.63819662  0.26286555  0.72360678  -0.26286554 -0.80901700 0.52573112  0.72360678  -0.52573111 -0.44721361 ?     ?     "point symmetry operation" 0.00000 0.00000 0.00000 
29 0.80901699  -0.58778525 -0.00000002 -0.58778526 -0.80901699 0.00000000  -0.00000003 0.00000000  -1.00000000 ?     ?     "point symmetry operation" 0.00000 0.00000 0.00000 
