{
 "chain_iptm": [
  0.62,
  0.63,
  0.63,
  0.62,
  0.62,
  0.62
 ],
 "chain_pair_iptm": [
  [
   0.8,
   0.72,
   0.6,
   0.52,
   0.59,
   0.69
  ],
  [
   0.72,
   0.8,
   0.71,
   0.6,
   0.52,
   0.58
  ],
  [
   0.6,
   0.71,
   0.8,
   0.71,
   0.59,
   0.51
  ],
  [
   0.52,
   0.6,
   0.71,
   0.8,
   0.71,
   0.59
  ],
  [
   0.59,
   0.52,
   0.59,
   0.71,
   0.8,
   0.7
  ],
  [
   0.69,
   0.58,
   0.51,
   0.59,
   0.7,
   0.79
  ]
 ],
 "chain_pair_pae_min": [
  [
   0.76,
   3.49,
   6.6,
   8.25,
   7.12,
   4.67
  ],
  [
   3.96,
   0.76,
   3.36,
   6.92,
   8.37,
   7.19
  ],
  [
   6.47,
   3.91,
   0.76,
   3.42,
   7.15,
   8.71
  ],
  [
   8.32,
   6.66,
   3.97,
   0.76,
   3.56,
   7.29
  ],
  [
   7.16,
   8.27,
   6.96,
   4.05,
   0.76,
   3.78
  ],
  [
   3.85,
   7.42,
   8.71,
   7.14,
   4.19,
   0.76
  ]
 ],
 "chain_ptm": [
  0.8,
  0.8,
  0.8,
  0.8,
  0.8,
  0.79
 ],
 "fraction_disordered": 0.15,
 "has_clash": 0.0,
 "iptm": 0.72,
 "num_recycles": 10.0,
 "ptm": 0.75,
 "ranking_score": 0.79
}