{
 "chain_iptm": [
  0.63,
  0.63,
  0.63,
  0.63,
  0.62,
  0.62
 ],
 "chain_pair_iptm": [
  [
   0.8,
   0.72,
   0.6,
   0.53,
   0.59,
   0.7
  ],
  [
   0.72,
   0.8,
   0.72,
   0.6,
   0.52,
   0.58
  ],
  [
   0.6,
   0.72,
   0.8,
   0.72,
   0.59,
   0.52
  ],
  [
   0.53,
   0.6,
   0.72,
   0.8,
   0.71,
   0.59
  ],
  [
   0.59,
   0.52,
   0.59,
   0.71,
   0.8,
   0.71
  ],
  [
   0.7,
   0.58,
   0.52,
   0.59,
   0.71,
   0.8
  ]
 ],
 "chain_pair_pae_min": [
  [
   0.76,
   3.32,
   6.55,
   8.2,
   6.96,
   4.39
  ],
  [
   3.83,
   0.76,
   3.25,
   6.85,
   8.29,
   7.05
  ],
  [
   6.33,
   3.7,
   0.76,
   3.28,
   7.06,
   8.54
  ],
  [
   8.18,
   6.61,
   3.82,
   0.76,
   3.45,
   7.22
  ],
  [
   6.96,
   8.22,
   6.75,
   3.89,
   0.76,
   3.58
  ],
  [
   3.67,
   7.19,
   8.52,
   6.86,
   4.03,
   0.76
  ]
 ],
 "chain_ptm": [
  0.8,
  0.8,
  0.8,
  0.8,
  0.8,
  0.8
 ],
 "fraction_disordered": 0.15,
 "has_clash": 0.0,
 "iptm": 0.72,
 "num_recycles": 10.0,
 "ptm": 0.75,
 "ranking_score": 0.8
}